%aceleracion de la gravedad
g = 9.80665;           % [m/s^2]        


%valores A320
m = 64000;             % [kg]           masa de referencia del Airbus A320 
S = .12260E+03;        % [m^2]          superficie alar    del Airbus A320


%Coeficiente aerodinamico

C_D0_IC = .23000E-01;  % [-]            initial climb 
C_D2_IC = .44000E-01;  % [-]            initial climb 
C_D0_AP = .38000E-01;  % [-]            approach
C_D2_AP = .41900E-01;  % [-]            approach
C_D0_CR = .26659E-01;  % [-]            cruise
C_D2_CR = .38726E-01;  % [-]            cruise


%consumo de fuel

C_f1  = .75882E+00;     % [kg/(min·kN)]  thrust specific fuel consumption
C_f2  = .29385E+04;     % [kt]           thrust specific fuel consumption
C_f3  = .89418E+01;     % [kg/min]       descent fuel flow
C_f4  = .93865E+05;     % [ft]           descent fuel flow
C_fcr = .96358E+00;     % [-]            cruise fuel flow factor



% Medium mass CLIMBS
A320PTD_MCLIMBS = [  
%FL[-] T[K] p[Pa] rho[kg/m3] a[m/s] TAS[kt] CAS[kt]    M[-] mass[kg] Thrust[N] Drag[N] Fuel[kgm] ESF[-] ROC[fpm] TDC[N]  PWC[-]
     0 288 101325   1.225     340   150.73   150.73    0.23  64000    142310     45823   113.5    0.97    2164    91536    0.95 
     5 287  99508   1.207     340   151.82   150.73    0.23  64000    140935     45828   112.5    0.97    2147    90227    0.95 
    10 286  97717   1.190     339   152.92   150.73    0.23  64000    139564     45833   111.4    0.97    2130    88922    0.95 
    15 285  95952   1.172     339   159.14   155.73    0.24  64000    138198     44514   110.5    0.97    2210    88876    0.95 
    20 284  94213   1.155     338   160.30   155.73    0.24  64000    136835     44519   109.5    0.97    2193    87579    0.95 
    30 282  90812   1.121     337   183.52   175.73    0.28  64000    134122     41234   108.1    0.96    2501    88121    0.95 
    40 280  87511   1.088     336   217.91   205.73    0.33  64000    131425     40544   107.1    0.94    2857    86217    0.95 
    60 276  81200   1.024     333   272.30   250.00    0.42  64000    126079     45221   104.5    0.91    3078    76709    0.95 
    80 272  75262   0.963     331   280.34   250.00    0.44  64000    120798     45154   100.4    0.91    2946    71763    0.95 
   100 268  69682   0.905     328   356.65   310.00    0.56  64000    115582     57938    98.4    0.86    2710    54686    0.95 
   120 264  64441   0.849     326   367.06   310.00    0.58  64000    110430     57699    94.3    0.85    2527    50025    0.95 
   140 260  59524   0.796     324   377.86   310.00    0.60  64000    105343     57442    90.2    0.84    2340    45443    0.95 
   160 256  54915   0.746     321   389.07   310.00    0.62  64000    100321     57166    86.2    0.84    2148    40940    0.95 
   180 252  50600   0.698     319   400.70   310.00    0.65  64000     95363     56869    82.2    0.83    1951    36518    0.95 
   200 249  46563   0.653     316   412.77   310.00    0.67  64000     90470     56551    78.3    0.82    1750    32179    0.95 
   220 245  42791   0.610     314   425.28   310.00    0.70  64000     85642     56209    74.4    0.81    1545    27922    0.95 
   240 241  39271   0.569     311   438.26   310.00    0.73  64000     80878     55843    70.5    0.80    1337    23750    0.95 
   260 237  35989   0.530     308   451.70   310.00    0.75  64000     76180     55451    66.7    0.79    1125    19665    0.95 
   280 233  32932   0.493     306   463.64   308.55    0.78  64000     71545     54712    62.9    1.09    1300    15970    0.95 
   290 231  31485   0.475     304   461.66   302.03    0.78  64000     69252     53105    60.8    1.09    1242    15319    0.95 
   310 227  28745   0.442     302   457.68   289.21    0.78  64000     64715     50175    56.8    1.09    1108    13794    0.95 
   330 223  26201   0.410     299   453.66   276.67    0.78  64000     60243     47621    52.8    1.09    1005    12622    1.00 
   350 219  23842   0.380     297   449.61   264.42    0.78  64000     55835     45441    48.9    1.09     820    10394    1.00 
   370 217  21663   0.348     295   447.38   252.49    0.78  64000     51492     43640    45.0    1.00     567     7851    1.00 
   390 217  19677   0.316     295   447.38   241.02    0.78  64000     47213     42237    41.3    1.00     359     4976    1.00 
   410 217  17874   0.287     295   447.38   230.05    0.78  64000     42999     41225    37.6    1.00     128     1774    1.00 
];




%Medium mass DESCENTS
A320PTD_DESCENTS = [  
%FL[-] T[K] p[Pa] rho[kg/m3] a[m/s] TAS[kt] CAS[kt]    M[-] mass[kg] Thrust[N] Drag[N] Fuel[kgm] ESF[-] ROD[fpm] TDC[N] gammaTAS[deg]
